30
0 0.4856458757232491 6210209 525
1 29.146484378062212 10382120 966
2 3.2379677069157395 7799725 291
3 7.269787369222012 7610540 1987
4 6.3469542960111465 863236 4511
5 20.148893440901414 12897061 7641
6 0.7216040077693562 2397499 1098
7 0.6509459484404909 11573456 3728
8 7.207031735344453 13397854 1942
9 13.559533849630672 2682878 1632
10 8.08469550797619 8049550 2410
11 3.9459199231393596 4077799 697
12 17.570376943551306 6033280 880
13 6.037258425938674 5172713 790
14 0.8368015372915588 3779473 222
15 9.406876528272443 14565315 1347
16 22.941061715934175 6104038 2601
17 1.3496963353228577 421061 986
18 3.111856861168569 8848352 2508
19 12.259068140501261 4378619 5397
20 0.5250279164365081 15097025 1626
21 0.6889470897423928 5178217 575
22 9.937977283226521 7018487 8582
23 5.370881859339348 8870885 2466
24 3.253665145418857 667745 110
25 13.268528623228415 7491749 4600
26 13.330679710790728 5804754 5415
27 9.168047937433718 17422545 230
28 7.443662588609541 8149953 876
29 2.86409535709455 6830920 329
